 offset magnitudes, in µm:
 FmON
 
    47.7538
    19.3211
    30.5439
    26.5157
    32.7534
    34.9838
    58.3376
    57.7764
    31.3643
 
 Control
 
    21.6136
     7.6243
    18.5864
    32.1532
    18.5113
    11.4839
    52.2126
    28.9971
    16.0597
     2.7583
    40.6772
    35.5194
    45.4151
    16.1094


intersection / union area overlaps
overlapsByType F-mini-ON
    0.2260
    0.5270
    0.4412
    0.4445
    0.3580
    0.2479
    0.1807
    0.0676
    0.3661

overlapsByType control
    0.5741
    0.5898
    0.5762
    0.3851
    0.5134
    0.6056
    0.1727
    0.4963
    0.6421
    0.7955
    0.3342
    0.4045
    0.3452
    0.6702
